517813717
517488854
148320560
430790848
430922056
431113042
527424504
582781907
582781913
582790088
582790091
582791184
582792787
470593604
470593611
470593617
582840793
582842631
582851705
582852177
449268578
581331936
582775855
134622083
99727138
107741740
107817072
100018653
470593625
529232192
543510677
545393653
545393659
438190393
482261059
548330541
548343069
549845410
424870330
107439893
102128203
102128524
110248808
141386512
141398363
141459893
141516284
141946406
142333902
142496070
102252957
102276658
102276675
102276689
102276710
116288669
102276721
102276728
102302405
102302430
102302471
117195630
117195662
117195679
102311936
102311946
150075841
150075851
150075862
150075870
150075877
164705052
164722163
164729648
164774887
124518149
125771345
125909487
125909494
165335457
165479047
165479251
165490455
53811979
89831107
154677068
154677081
154677092
154677107
130845851
97377096
97377109
97377076
228419392
229404880
206614940
230069950
230070324
170417653
174960131
207712139
207838045
230257585
230434404
208167885
208824487
208824536
230439850
230440104
230934075
177617346
178024430
285739525
286530382
286532616
180905645
180910454
277056743
187019608
187745076
233636408
189634517
283539897
284971426
285187559
190900055
191697560
165566989
165567207
165579403
165580005
225528479
226329071
226508930
165738505
166335114
197732297
226833472
226956536
227258369
245966418
166468341
166468345
166684699
197732323
197732336
197732358
197732373
227383953
227446657
227446660
227647128
248616937
168426484
169061001
169061004
197753080
197753108
197755377
198064850
198064860
228036730
228036772
228040668
228416343
249171609
169617409
198350163
198470496
370719213
318062506
319510152
354828641
362654335
381434972
362655058
408104494
364614955
392261029
348170081
366649906
366664286
301606635
348365145
348365149
302198396
302198543
302198732
302198824
302879845
442181615
560009040
573818540
582794344
582776483
582781400
582781570
519661361
519661364
520049004
520049006
582858040
583121735
583133435
520049022
520049029
430790846
134728768
101381200
101809214
101809215
99522425
101809218
109684509
107669835
107699869
132314354
141360436
141398361
141398362
141398365
141398367
141462791
141516271
141913624
141913625
142067717
150075848
150075853
150075856
150075868
150075872
155133568
142067719
142333901
142333903
150075876
150075881
150075883
164663609
164665621
164722156
164722161
164723024
87495394
200401868
164881579
102276654
102276656
142741817
154677071
154677075
154677077
154677088
154677096
154677101
228419414
93722217
102276671
102276686
102276688
102276701
103257137
102276711
124518146
125610510
125610511
130992512
116288656
125771288
97377105
97377113
97377118
102276727
102302399
102302407
103756976
102302443
116912216
117195634
117195657
117195674
117195682
125771293
125771297
125771300
125771360
125909488
126025049
102128208
102128212
102131878
165380348
165479043
165479048
165479438
102302788
102311931
102311938
102311948
107098374
165566987
165568965
165568968
165579404
165579405
169622443
198064867
186988248
187019609
187745077
165583756
198350164
198470495
225529266
226329078
208824498
208824521
208824697
226508929
226508931
230439868
230440183
230939073
165677837
166334358
230939074
166334359
197732296
178773059
226909275
227110060
303567403
227255445
166468344
166684068
166684700
285739521
286039007
286526302
286526303
286532615
197732328
197732340
197732355
197732364
197732381
197753046
197753048
180905646
180910451
181548626
224886397
197753057
227383952
227446656
227446658
227446659
227453809
227647129
238615316
248616997
229960780
230069898
230069980
230070006
238615384
283376910
284559602
284559603
285091778
168426488
168528913
169060998
169061003
169061005
169061488
277065635
277066146
190900053
190900056
190900060
192168522
192168523
197753081
197753099
197753104
197755375
197755376
197755378
198064851
198064852
198064861
170498275
228036750
228040583
228415818
207712141
207736323
207838048
169064236
230432978
230439239
364614950
392261027
362654481
560009041
560009042
560009043
442181796
348170078
348170083
366649905
366664281
484512140
407951350
316043401
317323762
318082672
318082674
348365146
348365147
348384657
366664292
302198472
302198501
302198697
318128828
302198823
302879409
581843624
581848814
581871194
582775853
582775856
582777250
582781357
582781569
411917726
517742675
517742678
517813721
519661362
519661363
520049003
520049005
520049009
582858034
543302058
545393651
545393652
545393654
545393656
545393660
582858044
583114249
583124314
583132662
583133430
583133437
583133441
438190396
586607157
586607936
586608210
586608828
586611577
587080607
587081005
587082960
587083006
587086337
587086967
586606481
587126386
482261060
586542181
586547133
586547484
586549393
586549395
586549403
586550108
586553215
586594898
586606267
446943985
520049026
520216207
520216209
548275591
548275592
548341415
549843601
549843603
549843606
549845409
582794350
582794351
582809745
582842630
582844824
582851695
582851702
430790847
430922055
430922057
586606587
525678505
582781571
582781910
582781918
582785944
582790089
582790093
582790831
582791186
470593600
470593606
470593609
470593613
470593621
470593623
529250360
529423554
517488852
589197940
587146503
587147779
587147910
587148695
587148916
587149726
587150427
587151621
587153817
587154059
587154288
587154870
587156661
587157011
587158222
583147291
583154419
583163811
583206073
583223329
583223334
583223337
583223339
583231265
587143418
587143946
587144204
587144293
587144303
587144584
587146586
587147033
587147827
587147906
587148241
587148597
587148818
587149323
587149698
587150335
587137551
589205077
589206048
589207614
589208180
589208220
589210128
589211403
589211879
589212021
589212132
589212508
589212563
589212647
589212691
589217883
589217916
589225372
590947723
590957111
587158644
587178794
587180980
587184322
587187169
587189644
587192608
587194512
587195118
587195539
587205733
587205927
587459805
587460285
587461389
587464779
589141545
589147007
589147514
589166021
583480186
583763810
590959780
590968667
587150684
587152291
587152630
587153041
587154044
587154279
587154693
587155694
587155706
587156682
587157702
587157739
587158303
587158786
587170154
587180077
587180279
587182287
589502539
589502542
589502543
589502544
590999322
589169796
589191985
589205794
589207572
589207615
589208215
589188380
589209869
583147293
583154416
583163814
583223336
583223342
583231266
583476063
583480187
586501632
586543005
586547485
586549394
586549831
586550109
586597011
589211288
589211911
589212071
589212531
589212571
589748694
589849515
589850489
590029855
587182440
589850131
590999324
587186819
587187174
587187255
587191836
587191884
587193820
587194610
587194626
587195412
587196122
587205538
587205900
587206136
587206501
587461203
587182429
590028366
590030553
590036445
590340392
590647985
590686890
590694206
590740592
590743391
590744078
590745087
586606386
586606648
590037407
590646735
590667433
590739935
590741470
590744810
590745562
590746087
586607201
586610672
587080836
587082958
587086973
587127212
587127621
587134189
587134581
587135158
587135448
587137030
587138694
590756287
590947811
590958623
587127282
587128157
587130920
587133103
587134411
587134429
587134936
587135200
587135244
590752133
587461392
587461398
589143561
589146954
589147418
589147807
589166020
589166102
589166832
589169017
589174827
589190768
587143842
587144269
587144744
591827077
591827755
591827075
589502546
589502547
180909792
590999317
590968663
590999334
