517813717
517488854
148320560
582781907
582781913
582791184
582792787
582792793
470593604
470593611
470593617
582840793
582842631
582851705
582852177
449268578
134622083
99727138
107741740
107817072
100018653
470593625
543510677
545393653
545393659
482261059
548330541
548343069
549845410
424870330
101807698
102128217
102128524
110248808
141386512
141516284
102252957
102276658
102276675
116288669
102276721
102276728
102302405
102302430
102302471
117195630
117195662
117195679
102311946
102532554
150075841
150075851
150075862
150075877
164729648
164774887
102578108
124518149
103534859
125771295
125771345
125909487
125909494
165479047
165479251
165490455
53811979
154677081
154677092
95844846
130845851
97377096
97377109
98284875
97377076
99026824
200406064
229404880
206614940
230069644
230069950
230070324
170417653
174960131
207712139
207838045
230434404
176424866
285739525
286530382
180905645
277056743
187745076
189079186
189616547
189634517
283539897
284971426
285187559
191697560
165567207
165580005
226329071
165738505
166335114
197732297
226956536
227258369
166468345
197732323
197732336
197732373
227647128
248615911
248616937
169061004
197753080
197753108
197755377
198064850
198064860
228036730
228036772
228416343
249171609
169617409
198350163
198470496
370719213
314453311
372581649
318062506
319510152
354828641
362654335
381434972
362655058
408104494
392261029
348170081
366649906
301606635
348365145
348365149
302198396
302198543
302198732
302198824
302879845
442181615
560009040
582794344
582776483
582781570
519661361
519661364
583121735
107439895
134728768
101381200
99522425
107817059
107817068
101946784
109684509
107669835
107699869
107699870
102532557
132314354
141398361
141398362
141462791
141516271
150075848
150075853
150075868
150075872
142333901
142333903
150075876
150075881
150075883
164663609
164723024
87538569
102276654
102276656
154677066
154677071
154677075
154677077
154677088
154677101
154677108
93722217
96068358
102276671
102276686
102276688
102276701
102276711
124518146
125610510
125610511
130992512
116288656
125771288
125771289
97377105
98284881
102276718
102276723
102276727
102302399
102302407
102302426
103801686
98319459
102302443
117195634
117195657
117195674
117195682
125771293
125771297
125771300
125771360
125909488
126025049
102128208
102128523
165380348
165479043
165479048
165479438
165479689
98877017
102147740
110247815
102302788
102311931
102311938
102532543
107098374
165566987
165568965
165568968
169622443
198064867
186988248
187745077
198350164
176424871
176424877
225529266
226329078
243405921
244259582
230939073
166334358
189616541
189616545
189617073
197732296
227110060
303567403
227255445
370719220
285739521
286039007
286526302
197732328
197732340
197732355
197732364
197732381
197753046
197753048
180905646
180910451
227453809
248616895
248616997
230069898
230069980
230070006
283376910
284463234
285091778
168528913
169061005
275683329
277065635
190900052
190900056
197753081
197753104
197755375
197755376
197755378
198064851
198064852
198064861
170498275
228036750
228415818
207712141
207736323
207838048
230432978
230439239
364614950
392261027
362654481
560009042
442181796
348170078
366649905
484512140
407951350
443625082
316043401
318082672
318082674
366664292
302198472
302198501
302198697
318128828
302198823
581843624
581848812
581848814
581871194
582775856
582777250
582781357
517742675
517742678
517813721
519661362
519661363
520049003
520049009
582858034
543302058
545393651
545393652
545393654
545393656
545393660
583114249
583124314
583132662
583133437
583133441
586607157
586607936
586608210
586608828
586611577
587080607
587081005
587082960
587083006
587086337
587086967
586606481
587126386
482261060
586542181
586547133
586547484
586549393
586549395
586549403
586553215
586594898
586606267
548275591
548275592
549843601
549843603
549845409
582794350
582794351
582809741
582842630
582844824
582844829
582851695
582851702
586606587
582785944
582790093
582790831
582791186
470593600
470593606
470593609
470593613
470593621
470593623
529250360
529423554
517488852
589197940
587146503
587147779
587147910
587148916
587149726
587150427
587153817
587154059
587154288
587154870
587156661
587157011
587158222
583154419
583163811
583206073
583223329
583223334
583223339
587143418
587143946
587144204
587144293
587144303
587144584
587146586
587147033
587147827
587147906
587148241
587148597
587148818
587149323
587149698
587150335
587137551
589205077
589206048
589207614
589208180
589208220
589211403
589212021
589212132
589212508
589212563
589212691
589217883
589217916
590947723
590957111
587158644
587178794
587189644
587194512
587205733
587205927
587459805
587460285
589147007
589147514
589166021
583763810
590959780
590968667
587152291
587152630
587153041
587154044
587154279
587154693
587155694
587155706
587156682
587157702
587157739
587158303
587158786
587180077
587182287
589502539
589502542
589502543
590999322
589169796
589191985
589205794
589207572
589207615
589208215
583154416
583163814
583223342
583231266
583476063
586501632
586543005
586547485
586549394
586549831
586550109
586597011
589211288
589211911
589748694
590029855
590999324
587186819
587191836
587191884
587193820
587194626
587195412
587196122
587205538
587461203
590028366
590036445
590340392
586606386
586606648
590037407
590667433
586607201
586610672
587080836
587082958
587086973
587127212
587127621
587134189
587134581
587135158
587135448
587137030
587138694
590756287
590958623
587127282
587128157
587130920
587133103
587134411
587134429
587134936
587135200
587135244
589146954
589147418
589147807
589166020
589166102
589166832
589169017
589174827
587143842
587144269
587144744
591827755
591827075
590999334